0.000000 3.000000 3.000000 3.000000 3.000000 3.000000 3.000000 3.000000 3.000000 3.000000 3.000000 3.000000 3.000000 0.000000 
-1.000000 1.006521 1.803076 2.179733 2.386513 2.513068 2.595767 2.650765 2.685010 2.699529 2.688420 2.631386 2.467390 2.000000 
-1.000000 0.223008 1.026049 1.529345 1.853251 2.069993 2.219236 2.322285 2.389745 2.424688 2.422767 2.369733 2.238173 2.000000 
-1.000000 -0.140538 0.548769 1.058346 1.427153 1.694418 1.888900 2.029394 2.126996 2.186713 2.208226 2.186607 2.115570 2.000000 
-1.000000 -0.333927 0.251217 0.728120 1.102599 1.391628 1.612553 1.779397 1.902135 1.986941 2.036817 2.052900 2.037502 2.000000 
-1.000000 -0.446386 0.061906 0.500318 0.863495 1.156942 1.390288 1.573508 1.715207 1.822102 1.899202 1.950673 1.981538 2.000000 
-1.000000 -0.513525 -0.057522 0.347752 0.694125 0.982357 1.218153 1.409140 1.563086 1.687058 1.787217 1.869055 1.937976 2.000000 
-1.000000 -0.550190 -0.126221 0.254089 0.582895 0.860211 1.090828 1.281815 1.440939 1.575828 1.693554 1.800356 1.901310 2.000000 
-1.000000 -0.561014 -0.151261 0.211933 0.523157 0.784765 1.003136 1.186355 1.343030 1.481763 1.610817 1.737506 1.866910 2.000000 
-1.000000 -0.542605 -0.129741 0.221747 0.513037 0.752557 0.950597 1.117442 1.263064 1.397380 1.530444 1.671941 1.828824 2.000000 
-1.000000 -0.479662 -0.046846 0.291760 0.554689 0.761829 0.929257 1.069751 1.194407 1.314248 1.441639 1.590992 1.776446 2.000000 
-1.000000 -0.329199 0.130260 0.437453 0.652129 0.810815 0.934851 1.037900 1.130567 1.223566 1.330874 1.473944 1.685967 2.000000 
-1.000000 0.032608 0.459632 0.675661 0.805561 0.894452 0.961434 1.016432 1.066394 1.118577 1.184348 1.287942 1.493477 2.000000 
0.000000 1.000000 1.000000 1.000000 1.000000 1.000000 1.000000 1.000000 1.000000 1.000000 1.000000 1.000000 1.000000 0.000000 
